Энергия фотона кэВ Энергия электрона кэВ
0   0
2	1.99984
3	2.99648
4	3.98437
5	3.97079
6	4.93846
7	5.88849
8	6.81556
9	7.71411
10	8.57792
11	9.39868
12	10.16999
13	10.88637
14	11.54973
15	12.13289
16	12.67368
17	13.14522
18	13.55148
19	13.87523
20	14.13556
21	14.32518
22	14.45756
23	14.5378
24	14.59623
25	14.56377
26	14.52942
27	14.43121
28	14.28717
29	14.19208
30	14.03544
31	13.85516
32	13.67453
33	13.48424
34	13.31105
35	13.12904
36	12.91511
37	12.69351
38	12.52948
39	12.38156
40	12.22534
41	12.05913
42	11.92763
43	11.79981
44	11.67344
45	11.55079
46	11.4595
47	11.36705
48	11.27519
49	11.21429
50	11.15994
51	11.10252
52	11.06379
53	11.04379
54	11.01852
55	11.00448
56	11.01975
57	11.02749
58	11.04045
59	11.07612
60	11.10825
61	11.14913
62	11.20712
63	11.25646
64	11.32468
65	11.40094
66	11.46728
67	11.56068
68	11.65223
69	11.74451
70	11.85917
71	11.96397
72	12.07998
73	12.2008
74	12.31646
75	12.45407
76	12.58261
77	12.72307
78	12.86741
79	13.01063
80	13.16906
81	13.31965
82	13.48384
83	13.64558
84	13.81252
85	13.98616
86	14.15422
87	14.33759
88	14.51004
89	14.7017
90	14.88242
91	15.07562
92	15.26429
93	15.46085
94	15.65769
95	15.85883
96	16.06333
97	16.2697
98	16.48059
99	16.69064
100	16.90781
101	17.12011
102	17.3437
103	17.55869
104	17.78908
105	18.00773
106	18.24359
107	18.46733
108	18.70578
109	18.93674
110	19.17656
111	19.41392
112	19.65642
113	19.89661
114	20.14568
115	20.38814
116	20.64053
117	20.8883
118	21.13964
119	21.39638
120	21.64761
121	21.90717
122	22.1652
123	22.42678
124	22.6863
125	22.95529
126	23.21611
127	23.48887
128	23.75544
129	24.02488
130	24.29946
131	24.5695
132	24.84523
133	25.11967
134	25.3999
135	25.67497
136	25.95871
137	26.23935
138	26.51932
139	26.80758
140	27.0899
141	27.3783
142	27.66668
143	27.95859
144	28.24753
145	28.53697
146	28.83744
147	29.12682
148	29.42338
149	29.72395
150	30.01916
151	30.32017
152	30.62089
153	30.92676
154	31.22717
155	31.52849
156	31.84026
157	32.14512
158	32.4506
159	32.76234
160	33.07414
161	33.38351
162	33.695
163	34.00851
164	34.32703
165	34.63824
166	34.95446
167	35.27632
168	35.59303
169	35.91174
170	36.23357
171	36.55638
172	36.88038
173	37.20195
174	37.52579
175	37.8571
176	38.18128
177	38.50577
178	38.83648
179	39.16764
180	39.49643
181	39.82679
182	40.15823
183	40.49479
184	40.82987
185	41.16076
186	41.49734
187	41.83788
188	42.17663
189	42.51295
190	42.85268
191	43.19407
192	43.54032
193	43.88
194	44.22028
195	44.56523
196	44.91451
197	45.25936
198	45.60292
199	45.9514
200	46.30111
201	46.65352
202	47.00107
203	47.34969
204	47.70018
205	48.0571
206	48.41218
207	48.76145
208	49.11616
209	49.47372
210	49.83251
211	50.18931
212	50.54583
213	50.90344
214	51.26359
215	51.62945
216	51.98918
217	52.34697
218	52.71032
219	53.07588
220	53.44307
221	53.80576
222	54.16986
223	54.53539
224	54.90252
225	55.27496
226	55.64307
227	56.00832
228	56.37719
229	56.74994
230	57.12465
231	57.49629
232	57.86635
233	58.23926
234	58.6136
235	58.9898
236	59.37063
237	59.74309
238	60.11712
239	60.49461
240	60.87552
241	61.25859
242	61.63594
243	62.01399
244	62.39436
245	62.77646
246	63.16024
247	63.54861
248	63.92867
249	64.31007
250	64.69313
251	65.08186
252	65.4717
253	65.85957
254	66.24271
255	66.63008
256	67.01889
257	67.40961
258	67.80218
259	68.19458
260	68.58242
261	68.97215
262	69.36408
263	69.75997
264	70.15765
265	70.55181
266	70.94203
267	71.33678
268	71.73325
269	72.13111
270	72.53045
271	72.93017
272	73.32559
273	73.7224
274	74.12085
275	74.52214
276	74.92654
277	75.33143
278	75.72892
279	76.12814
280	76.53122
281	76.93603
282	77.34189
283	77.74965
284	78.15455
285	78.55804
286	78.96286
287	79.3694
288	79.77814
289	80.19024
290	80.60276
291	81.00766
292	81.41417
293	81.8241
294	82.23586
295	82.64913
296	83.064
297	83.47731
298	83.88738
299	84.29909
300	84.71214
301	85.12684
302	85.54421
303	85.96413
304	86.38038
305	86.79325
306	87.20764
307	87.62519
308	88.04462
309	88.46545
310	88.88768
311	89.3069
312	89.72441
313	90.14352
314	90.56381
315	90.98583
316	91.40922
317	91.83599
318	92.26152
319	92.68133
320	93.10259
321	93.52542
322	93.95149
323	94.37903
324	94.80785
325	95.2382
326	95.66111
327	96.08646
328	96.51332
329	96.94147
330	97.37115
331	97.80211
332	98.23589
333	98.66793
334	99.09528
335	99.52408
336	99.95407
337	100.38658
338	100.82114
339	101.25709
340	101.69449
341	102.12678
342	102.55768
343	102.99127
344	103.42629
345	103.86264
346	104.30028
347	104.73927
348	105.1807
349	105.61676
350	106.05187
351	106.48843
352	106.92619
353	107.36552
354	107.80763
355	108.2508
356	108.69544
357	109.13496
358	109.57274
359	110.01267
360	110.45462
361	110.89797
362	111.34256
363	111.78847
364	112.23566
365	112.68112
366	113.1231
367	113.56633
368	114.01087
369	114.45654
370	114.90366
371	115.35307
372	115.80403
373	116.25624
374	116.70086
375	117.14639
376	117.59313
377	118.04226
378	118.49286
379	118.94476
380	119.39804
381	119.85239
382	120.30516
383	120.75377
384	121.204
385	121.65546
386	122.10807
387	122.56221
388	123.01725
389	123.47404
390	123.93304
391	124.38878
392	124.84103
393	125.29438
394	125.74898
395	126.20481
396	126.66306
397	127.12251
398	127.58305
399	128.04475
400	128.50409
401	128.95912
402	129.41602
403	129.87455
404	130.33421
405	130.79516
406	131.25734
407	131.7206
408	132.18484
409	132.6504
410	133.10939
411	133.5695
412	134.0307
413	134.49297
414	134.95654
415	135.42157
416	135.88841
417	136.35642
418	136.82562
419	137.29026
420	137.75281
421	138.21654
422	138.68156
423	139.1487
424	139.61685
425	140.08605
426	140.55618
427	141.0279
428	141.50039
429	141.96606
430	142.43311
431	142.90115
432	143.37029
433	143.84054
434	144.31191
435	144.7844
436	145.25791
437	145.73348
438	146.21016
439	146.67937
440	147.14939
441	147.6207
442	148.09294
443	148.56614
444	149.04143
445	149.51775
446	149.99512
447	150.47359
448	150.95321
449	151.42672
450	151.89958
451	152.374
452	152.84985
453	153.32714
454	153.80505
455	154.28423
456	154.76439
457	155.2456
458	155.7278
459	156.20808
460	156.68458
461	157.16227
462	157.64101
463	158.1205
464	158.60113
465	159.08271
466	159.56535
467	160.04981
468	160.53554
469	161.02209
470	161.50304
471	161.98302
472	162.46403
473	162.94617
474	163.42917
475	163.91393
476	164.39965
477	164.88648
478	165.37461
479	165.86306
480	166.35286
481	166.83628
482	167.31956
483	167.8044
484	168.29041
485	168.77752
486	169.26551
487	169.7544
488	170.24413
489	170.73481
490	171.22672
491	171.71988
492	172.20834
493	172.69524
494	173.18308
495	173.67213
496	174.16172
497	174.65249
498	175.14437
499	175.63706
500	176.13135
501	176.62662
502	177.12296
503	177.61723
504	178.10702
505	178.5977
506	179.08928
507	179.58204
508	180.07565
509	180.57046
510	181.06652
511	181.56343
512	182.06105
513	182.5599
514	183.0595
515	183.55498
516	184.04816
517	184.54215
518	185.03795
519	185.53445
520	186.03188
521	186.53028
522	187.02952
523	187.52964
524	188.03074
525	188.53266
526	189.03563
527	189.53439
528	190.03137
529	190.52934
530	191.02804
531	191.52767
532	192.02852
533	192.52979
534	193.03206
535	193.53528
536	194.03987
537	194.54543
538	195.05191
539	195.55535
540	196.05543
541	196.55612
542	197.05775
543	197.56026
544	198.06366
545	198.56791
546	199.07384
547	199.58039
548	200.08772
549	200.59603
550	201.10505
551	201.6152
552	202.11818
553	202.62168
554	203.12621
555	203.63127
556	204.13814
557	204.64581
558	205.15386
559	205.6629
560	206.17304
561	206.68363
562	207.19525
563	207.70793
564	208.21984
565	208.7259
566	209.23346
567	209.74157
568	210.25074
569	210.76049
570	211.27135
571	211.78279
572	212.29503
573	212.80834
574	213.32207
575	213.83676
576	214.35272
577	214.86898
578	215.37885
579	215.88862
580	216.40017
581	216.91231
582	217.42496
583	217.93876
584	218.45302
585	218.96817
586	219.48458
587	220.00201
588	220.52
589	221.03864
590	221.55819
591	222.07366
592	222.58681
593	223.10078
594	223.61537
595	224.13119
596	224.64764
597	225.16529
598	225.68341
599	226.20241
600	226.72247
601	227.24292
602	227.7646
603	228.28677
604	228.80991
605	229.32573
606	229.8426
607	230.35996
608	230.87822
609	231.39751
610	231.91743
611	232.43862
612	232.96005
613	233.4827
614	234.00547
615	234.52939
616	235.05401
617	235.57903
618	236.1052
619	236.62498
620	237.14496
621	237.66626
622	238.18755
623	238.71014
624	239.23311
625	239.75665
626	240.28132
627	240.80686
628	241.33274
629	241.85955
630	242.38708
631	242.91547
632	243.44443
633	243.97055
634	244.49367
635	245.017
636	245.54151
637	246.06705
638	246.59244
639	247.11914
640	247.64641
641	248.17466
642	248.70297
643	249.23266
644	249.76287
645	250.29419
646	250.82622
647	251.3587
648	251.88572
649	252.41188
650	252.93859
651	253.46667
652	253.99503
653	254.52395
654	255.05376
655	255.58438
656	256.11581
657	256.64844
658	257.18106
659	257.7148
660	258.24896
661	258.78406
662	259.31974
663	259.84956
664	260.37906
665	260.90904
666	261.44004
667	261.97114
668	262.50401
669	263.03638
670	263.57056
671	264.10478
672	264.63996
673	265.17593
674	265.71236
675	266.24981
676	266.78741
677	267.32605
678	267.86185
679	268.39386
680	268.92685
681	269.46041
682	269.99554
683	270.53029
684	271.06596
685	271.60239
686	272.13973
687	272.67783
688	273.21638
689	273.75544
690	274.29534
691	274.83522
692	275.37643
693	275.91839
694	276.45539
695	276.99123
696	277.52783
697	278.06503
698	278.6028
699	279.14105
700	279.6803
701	280.21997
702	280.75985
703	281.3012
704	281.84257
705	282.38475
706	282.92787
707	283.47113
708	284.01509
709	284.56006
710	285.10186
711	285.6405
712	286.17992
713	286.72007
714	287.26055
715	287.80192
716	288.34385
717	288.88602
718	289.42955
719	289.97287
720	290.51737
721	291.06246
722	291.60821
723	292.15443
724	292.70186
725	293.24931
726	293.79726
727	294.33856
728	294.88111
729	295.42405
730	295.96713
731	296.51117
732	297.05541
733	297.60089
734	298.14652
735	298.6935
736	299.24017
737	299.78785
738	300.33629
739	300.88517
740	301.43509
741	301.98588
742	302.53605
743	303.08645
744	303.63124
745	304.17647
746	304.72208
747	305.26863
748	305.81565
749	306.36325
750	306.91133
751	307.46011
752	308.00999
753	308.56051
754	309.11082
755	309.66159
756	310.21407
757	310.76646
758	311.31946
759	311.87358
760	312.428
761	312.97532
762	313.52363
763	314.07238
764	314.62211
765	315.17165
766	315.7223
767	316.27351
768	316.82508
769	317.37735
770	317.93051
771	318.48363
772	319.03802
773	319.59272
774	320.14809
775	320.70357
776	321.25977
777	321.81691
778	322.37339
779	322.92377
780	323.47405
781	324.027
782	324.57905
783	325.13193
784	325.68553
785	326.24013
786	326.79485
787	327.35055
788	327.90579
789	328.46306
790	329.02058
791	329.57772
792	330.13565
793	330.69475
794	331.25473
795	331.81398
796	332.37363
797	332.92709
798	333.48098
799	334.03609
800	334.59112
801	335.1471
802	335.70357
803	336.26068
804	336.81872
805	337.37703
806	337.93556
807	338.49534
808	339.0547
809	339.61541
810	340.17649
811	340.73809
812	341.29994
813	341.86207
814	342.4252
815	342.9841
816	343.5413
817	344.09839
818	344.65701
819	345.21576
820	345.77507
821	346.33504
822	346.89492
823	347.45575
824	348.01715
825	348.57917
826	349.14187
827	349.70417
828	350.26836
829	350.8323
830	351.39675
831	351.96169
832	352.52761
833	353.09332
834	353.65505
835	354.21471
836	354.7751
837	355.33637
838	355.89805
839	356.4605
840	357.02301
841	357.58653
842	358.15031
843	358.71469
844	359.27877
845	359.84466
846	360.41028
847	360.97571
848	361.54314
849	362.11074
850	362.67808
851	363.24651
852	363.81504
853	364.38264
854	364.94497
855	365.50835
856	366.07224
857	366.63605
858	367.20129
859	367.76683
860	368.33293
861	368.89845
862	369.46666
863	370.03284
864	370.60125
865	371.16967
866	371.73869
867	372.308
868	372.87775
869	373.44762
870	374.01881
871	374.59047
872	375.16206
873	375.73057
874	376.29589
875	376.86277
876	377.42975
877	377.99656
878	378.56483
879	379.13318
880	379.70223
881	380.27151
882	380.84171
883	381.41153
884	381.98253
885	382.5538
886	383.12507
887	383.69757
888	384.26979
889	384.84309
890	385.41689
891	385.99048
892	386.56547
893	387.13887
894	387.70723
895	388.27677
896	388.8463
897	389.4163
898	389.9871
899	390.55823
900	391.12952
901	391.70148
902	392.27373
903	392.84714
904	393.42022
905	393.99386
906	394.56775
907	395.14257
908	395.71937
909	396.29422
910	396.87016
911	397.44727
912	398.02377
913	398.60171
914	399.17638
915	399.74857
916	400.31994
917	400.89261
918	401.46537
919	402.03901
920	402.61351
921	403.18744
922	403.76283
923	404.33721
924	404.91316
925	405.48964
926	406.06638
927	406.64317
928	407.22091
929	407.79909
930	408.37728
931	408.95614
932	409.53583
933	410.11533
934	410.69631
935	411.27512
936	411.85004
937	412.42392
938	412.99897
939	413.57583
940	414.15136
941	414.7277
942	415.30528
943	415.88319
944	416.46093
945	417.03939
946	417.61756
947	418.19741
948	418.77737
949	419.35764
950	419.93854
951	420.51883
952	421.10054
953	421.68221
954	422.26474
955	422.84804
956	423.43129
957	424.01088
958	424.58791
959	425.16716
960	425.74467
961	426.32341
962	426.90241
963	427.48195
964	428.06166
965	428.64207
966	429.22293
967	429.80487
968	430.38598
969	430.96744
970	431.55081
971	432.13359
972	432.71724
973	433.3006
974	433.88511
975	434.47023
976	435.0545
977	435.64039
978	436.22627
979	436.81044
980	437.39152
981	437.97168
982	438.55208
983	439.13365
984	439.71551
985	440.29779
986	440.88011
987	441.46357
988	442.04573
989	442.6298
990	443.21499
991	443.79915
992	444.38422
993	444.97029
994	445.55494
995	446.14223
996	446.72894
997	447.31577
998	447.90354
999	448.49111
1000	449.07958
1001	449.66774
1002	450.25432
1003	450.83744
1004	451.4211
1005	452.00397
1006	452.58887
1007	453.17343
1008	453.75791
1009	454.34345
1010	454.92993
1011	455.51519
1012	456.10183
1013	456.68948
1014	457.27577
1015	457.86419
1016	458.45258
1017	459.04141
1018	459.63071
1019	460.21945
1020	460.80908
1021	461.39982
1022	461.98972
1023	462.58087
1024	463.17274
1025	463.76299
1026	464.34812
1027	464.93479
1028	465.52134
1029	466.1083
1030	466.69447
1031	467.28228
1032	467.87001
1033	468.45882
1034	469.04808
1035	469.63722
1036	470.22607
1037	470.81603
1038	471.40607
1039	471.99746
1040	472.58841
1041	473.17976
1042	473.77154
1043	474.36295
1044	474.95673
1045	475.54948
1046	476.14289
1047	476.73683
1048	477.331
1049	477.92269
1050	478.51118
1051	479.10001
1052	479.68912
1053	480.27876
1054	480.86801
1055	481.45849
1056	482.04936
1057	482.63993
1058	483.23168
1059	483.8233
1060	484.41562
1061	485.00844
1062	485.60163
1063	486.19409
1064	486.78842
1065	487.3818
1066	487.97665
1067	488.57154
1068	489.16718
1069	489.76231
1070	490.35767
1071	490.95477
1072	491.5522
1073	492.14792
1074	492.73876
1075	493.33036
1076	493.92111
1077	494.51314
1078	495.10601
1079	495.69801
1080	496.29171
1081	496.88531
1082	497.47828
1083	498.07275
1084	498.66681
1085	499.26164
1086	499.85698
1087	500.45256
1088	501.04903
1089	501.64497
1090	502.24166
1091	502.83899
1092	503.43685
1093	504.03432
1094	504.63223
1095	505.23114
1096	505.82985
1097	506.42919
1098	507.02839
1099	507.62124
1100	508.21605
1101	508.80913
1102	509.40316
1103	509.99824
1104	510.59359
1105	511.18834
1106	511.78377
1107	512.38045
1108	512.97811
1109	513.5738
1110	514.17132
1111	514.76903
1112	515.36669
1113	515.96566
1114	516.56353
1115	517.16289
1116	517.7628
1117	518.36252
1118	518.96204
1119	519.56325
1120	520.1636
1121	520.76464
1122	521.36659
1123	521.96868
1124	522.56804
1125	523.16334
1126	523.7591
1127	524.35568
1128	524.95221
1129	525.55001
1130	526.14652
1131	526.74489
1132	527.34355
1133	527.94253
1134	528.54184
1135	529.14092
1136	529.74078
1137	530.34069
1138	530.94098
1139	531.54148
1140	532.14246
1141	532.74422
1142	533.34633
1143	533.94765
1144	534.5508
1145	535.15368
1146	535.75684
1147	536.36102
1148	536.96372
1149	537.56829
1150	538.17049
1151	538.76929
1152	539.36749
1153	539.96553
1154	540.56482
1155	541.16457
1156	541.76393
1157	542.36445
1158	542.96505
1159	543.56543
1160	544.16611
1161	544.76794
1162	545.37003
1163	545.97246
1164	546.57441
1165	547.17804
1166	547.78182
1167	548.38519
1168	548.98929
1169	549.59307
1170	550.19809
1171	550.80296
1172	551.40846
1173	552.01362
1174	552.61947
1175	553.226
1176	553.83287
1177	554.43514
1178	555.0356
1179	555.63696
1180	556.23794
1181	556.83929
1182	557.44115
1183	558.04374
1184	558.64566
1185	559.24797
1186	559.85148
1187	560.4554
1188	561.0588
1189	561.6622
1190	562.26748
1191	562.87153
1192	563.47644
1193	564.08209
1194	564.68753
1195	565.29387
1196	565.901
1197	566.50729
1198	567.11454
1199	567.72147
1200	568.32955
1201	568.93746
1202	569.54615
1203	570.15511
1204	570.76184
1205	571.36471
1206	571.96782
1207	572.57032
1208	573.17465
1209	573.77815
1210	574.3825
1211	574.98684
1212	575.5913
1213	576.19611
1214	576.80129
1215	577.40808
1216	578.01316
1217	578.62
1218	579.22608
1219	579.83377
1220	580.44045
1221	581.04812
1222	581.65643
1223	582.26564
1224	582.87359
1225	583.48268
1226	584.0921
1227	584.70112
1228	585.31142
1229	585.92183
1230	586.53197
1231	587.14336
1232	587.75233
1233	588.35685
1234	588.96257
1235	589.56778
1236	590.17372
1237	590.77904
1238	591.38557
1239	591.9917
1240	592.59814
1241	593.20524
1242	593.81367
1243	594.42174
1244	595.02946
1245	595.63699
1246	596.24546
1247	596.8553
1248	597.46489
1249	598.07454
1250	598.68411
1251	599.2944
1252	599.90558
1253	600.51549
1254	601.12699
1255	601.73873
1256	602.35035
1257	602.96249
1258	603.57448
1259	604.18782
1260	604.80101
1261	605.40979
1262	606.01691
1263	606.62331
1264	607.23098
1265	607.83845
1266	608.44627
1267	609.05446
1268	609.6636
1269	610.2722
1270	610.88123
1271	611.49004
1272	612.10038
1273	612.71019
1274	613.32128
1275	613.93269
1276	614.54212
1277	615.15348
1278	615.76463
1279	616.37687
1280	616.98959
1281	617.60132
1282	618.21375
1283	618.82744
1284	619.44087
1285	620.05411
1286	620.66775
1287	621.2823
1288	621.89632
1289	622.51124
1290	623.12454
1291	623.73334
1292	624.34183
1293	624.95202
1294	625.56053
1295	626.17004
1296	626.78128
1297	627.39118
1298	628.00235
1299	628.61228
1300	629.22431
1301	629.83575
1302	630.44806
1303	631.06014
1304	631.67205
1305	632.28552
1306	632.89818
1307	633.51198
1308	634.12563
1309	634.73925
1310	635.35388
1311	635.96836
1312	636.58304
1313	637.19749
1314	637.8128
1315	638.42852
1316	639.04404
1317	639.66048
1318	640.27682
1319	640.89374
1320	641.50914
1321	642.11951
1322	642.73049
1323	643.3414
1324	643.95263
1325	644.56391
1326	645.17546
1327	645.78765
1328	646.39985
1329	647.0123
1330	647.62503
1331	648.23758
1332	648.85148
1333	649.4656
1334	650.08006
1335	650.69423
1336	651.30838
1337	651.9232
1338	652.53794
1339	653.15453
1340	653.77006
1341	654.38599
1342	655.00218
1343	655.61933
1344	656.23516
1345	656.85298
1346	657.46997
1347	658.08747
1348	658.70595
1349	659.32347
1350	659.94212
1351	660.55692
1352	661.17043
1353	661.78244
1354	662.39553
1355	663.00858
1356	663.62255
1357	664.2364
1358	664.85036
1359	665.46484
1360	666.08024
1361	666.6946
1362	667.30951
1363	667.92442
1364	668.54146
1365	669.15668
1366	669.77328
1367	670.39006
1368	671.00714
1369	671.62298
1370	672.24146
1371	672.8583
1372	673.4763
1373	674.09491
1374	674.7125
1375	675.33163
1376	675.95049
1377	676.57044
1378	677.18988
1379	677.80919
1380	678.43014
1381	679.04962
1382	679.66986
1383	680.28414
1384	680.89802
1385	681.51254
1386	682.12753
1387	682.74275
1388	683.35717
1389	683.97301
1390	684.58806
1391	685.20423
1392	685.82062
1393	686.43719
1394	687.05442
1395	687.67188
1396	688.28795
1397	688.90657
1398	689.52444
1399	690.14085
1400	690.76052
1401	691.37912
1402	691.99779
1403	692.61764
1404	693.23625
1405	693.85553
1406	694.47665
1407	695.09666
1408	695.71725
1409	696.33791
1410	696.9579
1411	697.58036
1412	698.20189
1413	698.82359
1414	699.44483
1415	700.05992
1416	700.67606
1417	701.29275
1418	701.90877
1419	702.52589
1420	703.14356
1421	703.75932
1422	704.37688
1423	704.99471
1424	705.61103
1425	706.22898
1426	706.84844
1427	707.46737
1428	708.08569
1429	708.70472
1430	709.32392
1431	709.94317
1432	710.56358
1433	711.18338
1434	711.80425
1435	712.42404
1436	713.04449
1437	713.66656
1438	714.28761
1439	714.9088
1440	715.53112
1441	716.15323
1442	716.77559
1443	717.39731
1444	718.02047
1445	718.64257
1446	719.26687
1447	719.88932
1448	720.50698
1449	721.12518
1450	721.74161
1451	722.35916
1452	722.97688
1453	723.59558
1454	724.21361
1455	724.83262
1456	725.45152
1457	726.07102
1458	726.68976
1459	727.30922
1460	727.92974
1461	728.54949
1462	729.1706
1463	729.79113
1464	730.41199
1465	731.03258
1466	731.65469
1467	732.27552
1468	732.89767
1469	733.51985
1470	734.14186
1471	734.76486
1472	735.38797
1473	736.01065
1474	736.63386
1475	737.25763
1476	737.8814
1477	738.50545
1478	739.1308
1479	739.75447
1480	740.3787
1481	741.0005
1482	741.62081
1483	742.23931
1484	742.85793
1485	743.4779
1486	744.09759
1487	744.71727
1488	745.33833
1489	745.95958
1490	746.57888
1491	747.2
1492	747.82103
1493	748.44386
1494	749.06465
1495	749.68612
1496	750.30856
1497	750.93195
1498	751.55327
1499	752.17703
1500	752.79999
1501	753.42294
1502	754.04653
1503	754.66992
1504	755.29479
1505	755.91835
1506	756.54262
1507	757.16733
1508	757.79263
1509	758.4177
1510	759.04308
1511	759.66892
1512	760.29405
1513	760.92053
1514	761.54854
1515	762.1747
1516	762.79414
1517	763.41502
1518	764.03415
1519	764.65598
1520	765.27661
1521	765.89682
1522	766.51794
1523	767.14073
1524	767.76055
1525	768.38434
1526	769.00537
1527	769.62772
1528	770.25048
1529	770.87353
1530	771.49545
1531	772.12024
1532	772.744
1533	773.36738
1534	773.9918
1535	774.61539
1536	775.23978
1537	775.86479
1538	776.48881
1539	777.11451
1540	777.73904
1541	778.36543
1542	778.99077
1543	779.6181
1544	780.24267
1545	780.86919
1546	781.49669
1547	782.12391
1548	782.75039
1549	783.37772
1550	784.00566
1551	784.62837
1552	785.25019
1553	785.87312
1554	786.4943
1555	787.11626
1556	787.73846
1557	788.36131
1558	788.98512
1559	789.60807
1560	790.23053
1561	790.85331
1562	791.47747
1563	792.10247
1564	792.72622
1565	793.35066
1566	793.97466
1567	794.60037
1568	795.22518
1569	795.84996
1570	796.4757
1571	797.10259
1572	797.72766
1573	798.35368
1574	798.98028
1575	799.60665
1576	800.23388
1577	800.86102
1578	801.48834
1579	802.11551
1580	802.74389
1581	803.3706
1582	803.99908
1583	804.62777
1584	805.25618
1585	805.88485
1586	806.51377
1587	807.13887
1588	807.76118
1589	808.38399
1590	809.00718
1591	809.63013
1592	810.25359
1593	810.87629
1594	811.50117
1595	812.12458
1596	812.74829
1597	813.37277
1598	813.99823
1599	814.62261
1600	815.24792
1601	815.87321
1602	816.49806
1603	817.12361
1604	817.75026
1605	818.37706
1606	819.0014
1607	819.62861
1608	820.25656
1609	820.88329
1610	821.5097
1611	822.13622
1612	822.76554
1613	823.39312
1614	824.02128
1615	824.64809
1616	825.27732
1617	825.90596
1618	826.53565
1619	827.16373
1620	827.79368
1621	828.42186
1622	829.05212
1623	829.6814
1624	830.3088
1625	830.9332
1626	831.55685
1627	832.18079
1628	832.80583
1629	833.43116
1630	834.05491
1631	834.68003
1632	835.30646
1633	835.93178
1634	836.55654
1635	837.18281
1636	837.80925
1637	838.43694
1638	839.06312
1639	839.6895
1640	840.3162
1641	840.94255
1642	841.57166
1643	842.19934
1644	842.82765
1645	843.45516
1646	844.08316
1647	844.71159
1648	845.34086
1649	845.9706
1650	846.5994
1651	847.22882
1652	847.85748
1653	848.48853
1654	849.11751
1655	849.74843
1656	850.37768
1657	851.00813
1658	851.63961
1659	852.27021
1660	852.90186
1661	853.53276
1662	854.15838
1663	854.7821
1664	855.40711
1665	856.03142
1666	856.65526
1667	857.28168
1668	857.90605
1669	858.53149
1670	859.15815
1671	859.78577
1672	860.41052
1673	861.03717
1674	861.66304
1675	862.29039
1676	862.91698
1677	863.54412
1678	864.17103
1679	864.79865
1680	865.42724
1681	866.05382
1682	866.68356
1683	867.31108
1684	867.93959
1685	868.56871
1686	869.19732
1687	869.82654
1688	870.456
1689	871.08453
1690	871.71561
1691	872.3451
1692	872.97434
1693	873.60455
1694	874.23595
1695	874.86626
1696	875.4974
1697	876.12703
1698	876.75922
1699	877.38977
1700	878.01917
1701	878.64575
1702	879.27116
1703	879.89655
1704	880.52372
1705	881.14904
1706	881.77432
1707	882.40211
1708	883.02868
1709	883.6554
1710	884.28243
1711	884.90984
1712	885.53765
1713	886.16581
1714	886.79288
1715	887.42109
1716	888.04987
1717	888.67813
1718	889.30632
1719	889.9354
1720	890.5647
1721	891.19419
1722	891.82243
1723	892.45207
1724	893.08181
1725	893.71185
1726	894.34156
1727	894.97268
1728	895.60273
1729	896.23344
1730	896.8663
1731	897.49582
1732	898.12669
1733	898.75819
1734	899.39053
1735	900.02188
1736	900.65435
1737	901.28621
1738	901.917
1739	902.55123
1740	903.18032
1741	903.80602
1742	904.43362
1743	905.05996
1744	905.68875
1745	906.31594
1746	906.94286
1747	907.57163
1748	908.19966
1749	908.82772
1750	909.45701
1751	910.08632
1752	910.7145
1753	911.34282
1754	911.9731
1755	912.60152
1756	913.23157
1757	913.86142
1758	914.49069
1759	915.12132
1760	915.7512
1761	916.38158
1762	917.01344
1763	917.64259
1764	918.27505
1765	918.90595
1766	919.53702
1767	920.16926
1768	920.80059
1769	921.43316
1770	922.06523
1771	922.69744
1772	923.33042
1773	923.96416
1774	924.59643
1775	925.22873
1776	925.86232
1777	926.49555
1778	927.12981
1779	927.76372
1780	928.39488
1781	929.02401
1782	929.65061
1783	930.27904
1784	930.90754
1785	931.53537
1786	932.16418
1787	932.79131
1788	933.42235
1789	934.05105
1790	934.67953
1791	935.30919
1792	935.93849
1793	936.56906
1794	937.19808
1795	937.82895
1796	938.45927
1797	939.0895
1798	939.72034
1799	940.35106
1800	940.98176
1801	941.61293
1802	942.24602
1803	942.87586
1804	943.50827
1805	944.13941
1806	944.77129
1807	945.40372
1808	946.03686
1809	946.66966
1810	947.30214
1811	947.93513
1812	948.5676
1813	949.20125
1814	949.83565
1815	950.46814
1816	951.10224
1817	951.73605
1818	952.36948
1819	953.00493
1820	953.63929
1821	954.2749
1822	954.90364
1823	955.52942
1824	956.15748
1825	956.78554
1826	957.41451
1827	958.04256
1828	958.67031
1829	959.29921
1830	959.92804
1831	960.55665
1832	961.18639
1833	961.81501
1834	962.44568
1835	963.07512
1836	963.70459
1837	964.33453
1838	964.96552
1839	965.59566
1840	966.22567
1841	966.8556
1842	967.48709
1843	968.11671
1844	968.74929
1845	969.38089
1846	970.01114
1847	970.64398
1848	971.27524
1849	971.9075
1850	972.53981
1851	973.17256
1852	973.80411
1853	974.43665
1854	975.06905
1855	975.70179
1856	976.33527
1857	976.96875
1858	977.60196
1859	978.23614
1860	978.86898
1861	979.50398
1862	980.13765
1863	980.77142
1864	981.40382
1865	982.03258
1866	982.66167
1867	983.29091
1868	983.92032
1869	984.54778
1870	985.17781
1871	985.80734
1872	986.43746
1873	987.06835
1874	987.69743
1875	988.32635
1876	988.95841
1877	989.58845
1878	990.22022
1879	990.85051
1880	991.48217
1881	992.11357
1882	992.74471
1883	993.37615
1884	994.00659
1885	994.63971
1886	995.27156
1887	995.90422
1888	996.53631
1889	997.16818
1890	997.8019
1891	998.43515
1892	999.06832
1893	999.70128
1894	1000.33391
1895	1000.96767
1896	1001.60149
1897	1002.23497
1898	1002.87002
1899	1003.5027
1900	1004.13679
1901	1004.77387
1902	1005.40757
1903	1006.04213
1904	1006.67601
1905	1007.31185
1906	1007.94638
1907	1008.5821
1908	1009.21177
1909	1009.8409
1910	1010.46969
1911	1011.10039
1912	1011.73158
1913	1012.36084
1914	1012.9913
1915	1013.62143
1916	1014.25155
1917	1014.88195
1918	1015.51368
1919	1016.14534
1920	1016.77729
1921	1017.40887
1922	1018.03901
1923	1018.67062
1924	1019.30334
1925	1019.93544
1926	1020.5679
1927	1021.20022
1928	1021.83195
1929	1022.46486
1930	1023.09787
1931	1023.73021
1932	1024.36381
1933	1024.99714
1934	1025.6304
1935	1026.26497
1936	1026.89815
1937	1027.53282
1938	1028.16569
1939	1028.80143
1940	1029.43432
1941	1030.0699
1942	1030.70323
1943	1031.3374
1944	1031.97346
1945	1032.60874
1946	1033.24477
1947	1033.88075
1948	1034.51538
1949	1035.15071
1950	1035.78719
1951	1036.42273
1952	1037.05475
1953	1037.68437
1954	1038.31416
1955	1038.94439
1956	1039.57362
1957	1040.20327
1958	1040.83336
1959	1041.46396
1960	1042.09579
1961	1042.72638
1962	1043.35644
1963	1043.98729
1964	1044.61835
1965	1045.25106
1966	1045.88214
1967	1046.51268
1968	1047.14594
1969	1047.77712
1970	1048.40829
1971	1049.04136
1972	1049.6743
1973	1050.30722
1974	1050.93889
1975	1051.57202
1976	1052.20541
1977	1052.83952
1978	1053.47113
1979	1054.10514
1980	1054.73775
1981	1055.37279
1982	1056.0066
1983	1056.64004
1984	1057.27473
1985	1057.90889
1986	1058.54233
1987	1059.1771
1988	1059.8131
1989	1060.44737
1990	1061.08222
1991	1061.71767
1992	1062.35338
1993	1062.98773
1994	1063.62466
1995	1064.26
1996	1064.89607
1997	1065.53172
1998	1066.16061
1999	1066.79004
2000	1067.41999
2001	1068.05008
